 ##############################################################################
 ZINDO 99.1  for Linux           compile #206 on Nov 04, 1911 at 18:16:07
 Compiled by @greengate.chemistry.gatech.edu                             
 Linked with libraries compiled for Linux     on Nov 04, 1911 at 18:16:07
 by ypyi@greengate.chemistry.gatech.edu                         
 ##############################################################################
 ZINDO  -  A semi-empirical program package written by  M. C. Zerner,
 J. E. Ridley,  A. D. Bacon,  W. D. Edwards, J. D. Head, J. McKelvey,
 J. C. Culberson,  P. Knappe,   M. G. Cory,  B. Weiner,  J. D. Baker,
 W. A. Parkinson,  D. Kannis, J. Yu,  N. Roesch, M. Kotzian, T. Tamm,
 M. M. Karelson, X. Zheng, G. Pearl, A. Broo, K. Albert, J. M. Cullen,
 C. J. Cramer, D. G. Truhlar, J. Li, G. D. Hawkins  and D. A. Liotard.
 ##############################################################################


                              TITLE OF THE RUN
                              ================

                                                                                
 created by getinp                                                              
                                                                                
                                                                                

                           USER DEFINED VARIABLES
                           ======================

 ONAME          fff * Base name for temporary and output files
 IPRINT           1 * Amount of printout requested
 NEL             48 * Number of electrons
 MULT             1 * Multiplicity
 ITMAX           50 * Maximum number of SCF iterations allowed
 LDOS             0 * Local density of states calc.
 SCFTOL   0.100E-05 * Convergence criteria for bond orders

 THE VARIABLES MARKED WITH ASTERISK (*) ARE NOT AT THEIR DEFAULT VALUES



                  DYNAMIC ALLOCATION INFORMATION
                  ==============================

                   0 POINT CHARGES
                   8 ONE BASIS FUNCTION ATOMS  (S)
                  10 FOUR BASIS FUNCTION ATOMS (S,P)
                   0 NINE BASIS FUNCTION ATOMS (S,P,D)
                   0 16 BASIS FUNCTION ATOMS (S,P,D,F)
                   0  DETERMINANTS IN CI CALCULATION
                   0  LAST ACTIVE ORBITAL IN RUMER CI



                               OPTIONS:
                               ========

      SPECTROSCOPIC: MATAGA NISHIMOTO INTEGRALS
      MODEL: INDO/1

      NO. OF ATOMS IN DATAIN   =   18
      NO. OF VALENCE ELECTRONS =   48
      MULTIPLICITY =  1   
      CONVERGENCE TOLERANCE =  0.000001



 MEM:    SUCCESSFULLY ALLOCATED     118312 BYTES FOR ARRAYS.
 FILEOP: SUCCESSFULLY ALLOCATED     468680 BYTES FOR INTERNAL FILES


        ZIO file allocation table

 Name   Number  Size (words)  Size (bytes) 
 -----------------------------------------
 PART_TRN   1          96         384
 TRNDEN     2        4708       18832
 MOMENTS    3        7098       28392
 AOINTS     4       30170      120680
 SCF_DEN    7        4708       18832
 DENSEXT    8        4708       18832
 VEC_DEN    9       11574       46296
 SCF_MAT   10       11770       47080
 DIIS      11       42336      169344
 -----------------------------------------
 Allocated:        117170      468680




 INTERACTION FACTORS:

 S(SIGMA)=  1.0000 ;P(SIGMA)=  1.2670 ;D(SIGMA)=  1.0000
 P(PI)   =  0.5850 ;D(PI)   =  1.0000 ;D(DELTA)=  1.0000

 CTR AT.NO. VAL.CHG. CORE CHG.  TYPE            COORDINATES


   1   6    4.0000    2.0000   2   C    0.62950      -0.12150      -2.33960
   2   6    4.0000    2.0000   2   C   -0.02930      -0.94000      -1.50880
   3   6    4.0000    2.0000   2   C   -0.23090      -0.59410      -0.22470
   4   6    4.0000    2.0000   2   C   -0.88690      -1.40950       0.61940
   5   6    4.0000    2.0000   2   C    1.08930       1.05430      -1.89450
   6   1    1.0000    0.0000   1   H    0.79390      -0.41850      -3.38850
   7   1    1.0000    0.0000   1   H   -0.40450      -1.90520      -1.88880
   8   1    1.0000    0.0000   1   H   -1.27020      -2.38090       0.26770
   9   1    1.0000    0.0000   1   H    1.63610       1.73240      -2.57220
  10   6    4.0000    2.0000   2   C    0.23090       0.59410       0.22470
  11   6    4.0000    2.0000   2   C   -1.08930      -1.05430       1.89450
  12   6    4.0000    2.0000   2   C    0.88690       1.40950      -0.61940
  13   6    4.0000    2.0000   2   C    0.02930       0.94000       1.50870
  14   6    4.0000    2.0000   2   C   -0.62950       0.12150       2.33960
  15   1    1.0000    0.0000   1   H   -1.63610      -1.73240       2.57230
  16   1    1.0000    0.0000   1   H    1.27020       2.38090      -0.26770
  17   1    1.0000    0.0000   1   H    0.40460       1.90520       1.88870
  18   1    1.0000    0.0000   1   H   -0.79390       0.41850       3.38850

 MOLAR MASS OF THE SYSTEM IS    128.17 GRAMS/MOLE



 MOMENT OF INERTIA IN GIVEN  COORDINATES
 UNITS ARE AMU*ANGS**2 = A.U.*0.52916**2 

            1         2         3
   1     456.269
   2     -72.431   395.106
   3     108.892    25.004   198.100

 THE MOMENTS OF INERTIA ARE 0-FOLD DEGENERATE

 PRINCIPLE MOMENTS OF INERTIA
   5.24737D+02  3.76316D+02  1.48422D+02
 ROTATION VECTORS
     8.642378    3.427639   -3.682470
    -4.337193    8.785363   -2.001539
     2.549128    3.326964    9.079276



   AO.  ATM  SYM. TYPE     N TYPE      3 EXPONENTS             3 COEFFICIENTS


    1    1  S        0   2   2    1.6250  1.6250  0.0000  1.0000  1.0000  0.0000
    2    1  P(X)     1   2   2    1.6250  1.6250  0.0000  1.0000  1.0000  0.0000
    3    1  P(Y)     2   2   2    1.6250  1.6250  0.0000  1.0000  1.0000  0.0000
    4    1  P(Z)     3   2   2    1.6250  1.6250  0.0000  1.0000  1.0000  0.0000
    5    2  S        0   2   2    1.6250  1.6250  0.0000  1.0000  1.0000  0.0000
    6    2  P(X)     1   2   2    1.6250  1.6250  0.0000  1.0000  1.0000  0.0000
    7    2  P(Y)     2   2   2    1.6250  1.6250  0.0000  1.0000  1.0000  0.0000
    8    2  P(Z)     3   2   2    1.6250  1.6250  0.0000  1.0000  1.0000  0.0000
    9    3  S        0   2   2    1.6250  1.6250  0.0000  1.0000  1.0000  0.0000
   10    3  P(X)     1   2   2    1.6250  1.6250  0.0000  1.0000  1.0000  0.0000
   11    3  P(Y)     2   2   2    1.6250  1.6250  0.0000  1.0000  1.0000  0.0000
   12    3  P(Z)     3   2   2    1.6250  1.6250  0.0000  1.0000  1.0000  0.0000
   13    4  S        0   2   2    1.6250  1.6250  0.0000  1.0000  1.0000  0.0000
   14    4  P(X)     1   2   2    1.6250  1.6250  0.0000  1.0000  1.0000  0.0000
   15    4  P(Y)     2   2   2    1.6250  1.6250  0.0000  1.0000  1.0000  0.0000
   16    4  P(Z)     3   2   2    1.6250  1.6250  0.0000  1.0000  1.0000  0.0000
   17    5  S        0   2   2    1.6250  1.6250  0.0000  1.0000  1.0000  0.0000
   18    5  P(X)     1   2   2    1.6250  1.6250  0.0000  1.0000  1.0000  0.0000
   19    5  P(Y)     2   2   2    1.6250  1.6250  0.0000  1.0000  1.0000  0.0000
   20    5  P(Z)     3   2   2    1.6250  1.6250  0.0000  1.0000  1.0000  0.0000
   21    6  S        0   1   1    1.2000  1.2000  0.0000  1.0000  1.0000  0.0000
   22    7  S        0   1   1    1.2000  1.2000  0.0000  1.0000  1.0000  0.0000
   23    8  S        0   1   1    1.2000  1.2000  0.0000  1.0000  1.0000  0.0000
   24    9  S        0   1   1    1.2000  1.2000  0.0000  1.0000  1.0000  0.0000
   25   10  S        0   2   2    1.6250  1.6250  0.0000  1.0000  1.0000  0.0000
   26   10  P(X)     1   2   2    1.6250  1.6250  0.0000  1.0000  1.0000  0.0000
   27   10  P(Y)     2   2   2    1.6250  1.6250  0.0000  1.0000  1.0000  0.0000
   28   10  P(Z)     3   2   2    1.6250  1.6250  0.0000  1.0000  1.0000  0.0000
   29   11  S        0   2   2    1.6250  1.6250  0.0000  1.0000  1.0000  0.0000
   30   11  P(X)     1   2   2    1.6250  1.6250  0.0000  1.0000  1.0000  0.0000
   31   11  P(Y)     2   2   2    1.6250  1.6250  0.0000  1.0000  1.0000  0.0000
   32   11  P(Z)     3   2   2    1.6250  1.6250  0.0000  1.0000  1.0000  0.0000
   33   12  S        0   2   2    1.6250  1.6250  0.0000  1.0000  1.0000  0.0000
   34   12  P(X)     1   2   2    1.6250  1.6250  0.0000  1.0000  1.0000  0.0000
   35   12  P(Y)     2   2   2    1.6250  1.6250  0.0000  1.0000  1.0000  0.0000
   36   12  P(Z)     3   2   2    1.6250  1.6250  0.0000  1.0000  1.0000  0.0000
   37   13  S        0   2   2    1.6250  1.6250  0.0000  1.0000  1.0000  0.0000
   38   13  P(X)     1   2   2    1.6250  1.6250  0.0000  1.0000  1.0000  0.0000
   39   13  P(Y)     2   2   2    1.6250  1.6250  0.0000  1.0000  1.0000  0.0000
   40   13  P(Z)     3   2   2    1.6250  1.6250  0.0000  1.0000  1.0000  0.0000
   41   14  S        0   2   2    1.6250  1.6250  0.0000  1.0000  1.0000  0.0000
   42   14  P(X)     1   2   2    1.6250  1.6250  0.0000  1.0000  1.0000  0.0000
   43   14  P(Y)     2   2   2    1.6250  1.6250  0.0000  1.0000  1.0000  0.0000
   44   14  P(Z)     3   2   2    1.6250  1.6250  0.0000  1.0000  1.0000  0.0000
   45   15  S        0   1   1    1.2000  1.2000  0.0000  1.0000  1.0000  0.0000
   46   16  S        0   1   1    1.2000  1.2000  0.0000  1.0000  1.0000  0.0000
   47   17  S        0   1   1    1.2000  1.2000  0.0000  1.0000  1.0000  0.0000
   48   18  S        0   1   1    1.2000  1.2000  0.0000  1.0000  1.0000  0.0000

          BOND LENGTH MATRIX



            1         2         3         4         5         6

   1     0.00000
   2     1.33947   0.00000
   3     2.33162   1.34507   0.00000
   4     3.56568   2.34204   1.34451   0.00000
   5     1.33867   2.31889   2.69228   4.03675   0.00000
   6     1.10246   2.11728   3.33027   4.45763   2.11859   0.00000
   7     2.11044   1.10308   2.12564   2.60183   3.31513   2.42807
   8     3.93850   2.60230   2.12491   1.10192   4.69499   4.63458
   9     2.12233   3.32357   3.79593   5.14037   1.10367   2.44990
  10     2.69195   2.32942   1.35168   2.32802   2.33230   3.79441
  11     4.66390   3.56639   2.33230   1.33903   4.85273   5.64453
  12     2.31718   2.67406   2.32802   3.55355   1.33903   3.31936
  13     4.03688   3.55572   2.32934   2.67403   3.56629   5.13933
  14     4.85171   4.03698   2.69195   2.31718   4.66390   5.92696
  15     5.64400   4.45703   3.33069   2.11646   5.92839   6.56981
  16     3.31139   3.77590   3.33253   4.45052   2.10691   4.21935
  17     4.69432   4.45269   3.33419   3.77708   3.93770   5.77927
  18     5.92696   5.13942   3.79441   3.31936   5.64453   7.01066

            7         8         9        10        11        12

   7     0.00000
   8     2.37197   0.00000
   9     4.22649   5.78194   0.00000
  10     3.33423   3.33253   3.33061   0.00000
  11     3.93781   2.10691   5.92831   2.69228   0.00000
  12     3.77708   4.45052   2.11636   1.34451   4.03675   0.00000
  13     4.45268   3.77587   4.45684   1.34497   2.31891   2.34195
  14     4.69441   3.31139   5.64391   2.33162   1.33867   3.56568
  15     4.63121   2.42190   7.01270   3.79599   1.10373   5.14043
  16     4.87886   5.42356   2.42181   2.12491   4.69499   1.10192
  17     5.42617   4.87886   4.63099   2.12557   3.31518   2.60171
  18     5.77937   4.21935   6.56972   3.33027   2.11859   4.45763

           13        14        15        16        17        18

  13     0.00000
  14     1.33954   0.00000
  15     3.32363   2.12234   0.00000
  16     2.60223   3.93850   5.78199   0.00000
  17     1.10311   2.11051   4.22657   2.37184   0.00000
  18     2.11737   1.10246   2.44987   4.63458   2.42818   0.00000


                    NEAREST NEIGHBOR INTERATOMIC DISTANCES

                                 (ANGSTROMS)

    2-   1( C, C)  1.3395:    3-   2( C, C)  1.3451:    4-   3( C, C)  1.3445:
    5-   1( C, C)  1.3387:    6-   1( H, C)  1.1025:    7-   2( H, C)  1.1031:
    8-   4( H, C)  1.1019:    9-   5( H, C)  1.1037:   10-   3( C, C)  1.3517:
   11-   4( C, C)  1.3390:   12-   5( C, C)  1.3390:   12-  10( C, C)  1.3445:
   13-  10( C, C)  1.3450:   14-  11( C, C)  1.3387:   14-  13( C, C)  1.3395:
   15-  11( H, C)  1.1037:   16-  12( H, C)  1.1019:   17-  13( H, C)  1.1031:
   18-  14( H, C)  1.1025:



                          NEAREST NEIGHBOR BOND ANGLES

        ANGLE      DEGREES        ANGLE      DEGREES        ANGLE      DEGREES

     2 -   1 -   5  119.96     2 -   1 -   6  119.92     5 -   1 -   6  120.12
     1 -   2 -   3  120.58     1 -   2 -   7  119.23     3 -   2 -   7  120.19
     2 -   3 -   4  121.10     2 -   3 -  10  119.49     4 -   3 -  10  119.41
     3 -   4 -   8  120.26     3 -   4 -  11  120.71     8 -   4 -  11  119.03
     1 -   5 -   9  120.38     1 -   5 -  12  119.85     9 -   5 -  12  119.78
     3 -  10 -  12  119.41     3 -  10 -  13  119.49    12 -  10 -  13  121.10
     4 -  11 -  14  119.85     4 -  11 -  15  119.78    14 -  11 -  15  120.37
     5 -  12 -  10  120.71     5 -  12 -  16  119.03    10 -  12 -  16  120.26
    10 -  13 -  14  120.58    10 -  13 -  17  120.19    14 -  13 -  17  119.23
    11 -  14 -  13  119.96    11 -  14 -  18  120.12    13 -  14 -  18  119.93



                              DIHEDRAL ANGLES (DEGREES)

   A - B - C - D  ANGLE    A - B - C - D  ANGLE    A - B - C - D  ANGLE

    4-   3   2-   1  179.8    5-   1   2-   3    0.2    5-  12  10-   3    0.2
    6-   1   2-   3  179.6
    7-   2   3-   4    0.1    7-   2   1-   5  179.9    7-   2   1-   6    0.2
    8-   4   3-   2    0.1
    9-   5   1-   2  179.8    9-   5   1-   6    0.1   10-   3   2-   1    0.4
   10-  12   5-   1    0.3
   10-   3   2-   7  179.8   10-   3   4-   8  179.9   10-  12   5-   9  179.6
   11-   4   3-   2  179.7
   11-   4   3-  10    0.2   11-  14  13-  10    0.2   12-   5   1-   2    0.1
   12-  10   3-   2    0.1
   12-  10   3-   4  180.0   12-   5   1-   6  180.0   13-  10   3-   2  180.0
   13-  10   3-   4    0.1
   13-  14  11-   4    0.1   13-  10  12-   5  179.7   14-  11   4-   3    0.3
   14-  13  10-   3    0.4
   14-  11   4-   8  179.9   14-  13  10-  12  179.8   15-  11   4-   3  179.6
   15-  11   4-   8    0.2
   15-  11  14-  13  179.8   16-  12   5-   1  179.9   16-  12  10-   3  179.9
   16-  12   5-   9    0.2
   16-  12  10-  13    0.1   17-  13  10-   3  179.8   17-  13  14-  11  179.9
   17-  13  10-  12    0.1
   18-  14  11-   4  180.0   18-  14  13-  10  179.6   18-  14  11-  15    0.1
   18-  14  13-  17    0.2
  >>> Theoretical integrals for Rydbergs <<< 




 CORE REPULSION ENERGY =    164.148078


 RES. INT. FOR AT. NO.  6 S =-17.0000 P =-17.0000 D = -1.0000 F =  0.0000 eV
 RES. INT. FOR AT. NO.  1 S =-12.0000 P = -1.0000 D = -1.0000 F =  0.0000 eV

 OVERLAP MATRIX


            1         2         3         4         5         6

   1     1.00000
   2     0.00000   1.00000
   3     0.00000   0.00000   1.00000
   4     0.00000   0.00000   0.00000   1.00000
   5     0.43709  -0.21287  -0.26447   0.26845   1.00000
   6     0.21287   0.12623  -0.17884   0.18153   0.00000   1.00000
   7     0.26447  -0.17884   0.04799   0.22553   0.00000   0.00000
   8    -0.26845   0.18153   0.22553   0.04126   0.00000   0.00000
   9     0.10112  -0.04802  -0.02638   0.11804   0.43422  -0.06461
  10     0.04802   0.01390  -0.01505   0.06733   0.06461   0.25437
  11     0.02638  -0.01505   0.03303   0.03698  -0.11085   0.02287
  12    -0.11804   0.06733   0.03698  -0.12422  -0.41151   0.08490
  13     0.00932  -0.00574  -0.00487   0.01119   0.09932  -0.04688
  14     0.00574  -0.00137  -0.00336   0.00772   0.04688   0.01385
  15     0.00487  -0.00336  -0.00026   0.00655   0.02566  -0.01454
  16    -0.01119   0.00772   0.00655  -0.01247  -0.11633   0.06589
  17     0.43751   0.14875   0.38037   0.14399   0.10336   0.06404
  18    -0.14875   0.20030  -0.17960  -0.06799  -0.06404  -0.00531
  19    -0.38037  -0.17960  -0.18872  -0.17385  -0.11418  -0.08507
  20    -0.14399  -0.06799  -0.17385   0.20472   0.02208   0.01645
  21     0.51195   0.07228  -0.13059  -0.46118   0.12649   0.05954
  22     0.12788  -0.07579  -0.13073   0.03304   0.51160  -0.16481
  23     0.00459  -0.00302  -0.00359   0.00414   0.05608  -0.03402
  24     0.12547   0.07209   0.13277  -0.01666   0.01508   0.01005
  25     0.05298  -0.01058   0.01899   0.06804   0.10151   0.01459
  26     0.01058   0.01662   0.00443   0.01588  -0.01459   0.03896
  27    -0.01899   0.00443   0.01113  -0.02850  -0.08600  -0.01485
  28    -0.06804   0.01588  -0.02850  -0.08305  -0.09718  -0.01678
  29     0.00082  -0.00046  -0.00025   0.00114   0.00931  -0.00400
  30     0.00046  -0.00010  -0.00015   0.00069   0.00400   0.00066
  31     0.00025  -0.00015   0.00009   0.00038   0.00043  -0.00021
  32    -0.00114   0.00069   0.00038  -0.00153  -0.01285   0.00619
  33     0.10367   0.01479   0.08796   0.09883   0.05477   0.02525
  34    -0.01479   0.04002  -0.01509  -0.01695  -0.02525   0.00623
  35    -0.08796  -0.01509  -0.04719  -0.10084  -0.06475  -0.03493
  36    -0.09883  -0.01695  -0.10084  -0.07075  -0.02451  -0.01322
  37     0.00338  -0.00075   0.00132   0.00478   0.00952   0.00023
  38     0.00075   0.00065   0.00032   0.00116  -0.00023   0.00265
  39    -0.00132   0.00032   0.00027  -0.00206  -0.00728  -0.00019
  40    -0.00478   0.00116  -0.00206  -0.00663  -0.01168  -0.00031
  41     0.00053  -0.00021   0.00004   0.00079   0.00338  -0.00075
  42     0.00021   0.00002   0.00002   0.00034   0.00075   0.00065
  43    -0.00004   0.00002   0.00011  -0.00007  -0.00132   0.00032
  44    -0.00079   0.00034  -0.00007  -0.00115  -0.00478   0.00116
  45     0.00014  -0.00008  -0.00006   0.00017   0.00163  -0.00081
  46     0.01543   0.00397   0.01551   0.01284   0.00632   0.00295
  47     0.00100  -0.00007   0.00060   0.00126   0.00164   0.00022
  48     0.00008  -0.00003   0.00001   0.00010   0.00040  -0.00008

            7         8         9        10        11        12

   7     1.00000
   8     0.00000   1.00000
   9     0.11085   0.41151   1.00000
  10     0.02287   0.08490   0.00000   1.00000
  11     0.22846  -0.14567   0.00000   0.00000   1.00000
  12    -0.14567  -0.27308   0.00000   0.00000   0.00000   1.00000
  13    -0.02566   0.11633   0.43450  -0.21040  -0.26152   0.27072
  14    -0.01454   0.06589   0.21040   0.12666  -0.17562   0.18180
  15     0.03244   0.03607   0.26152  -0.17562   0.04965   0.22598
  16     0.03607  -0.12311  -0.27072   0.18180   0.22598   0.03401
  17     0.11418  -0.02208   0.05295   0.03501   0.04371  -0.04428
  18    -0.08507   0.01645  -0.03501  -0.00798  -0.03377   0.03421
  19    -0.10927   0.02933  -0.04371  -0.03377  -0.02310   0.04272
  20     0.02933   0.03673   0.04428   0.03421   0.04272  -0.02420
  21     0.03772  -0.13595   0.01489   0.00610   0.00104  -0.01883
  22    -0.42398  -0.16692   0.12480  -0.01235  -0.09329  -0.11841
  23    -0.03950   0.04870   0.12495  -0.07406  -0.12732   0.03509
  24     0.01613  -0.00642   0.00608   0.00405   0.00505  -0.00510
  25     0.08600   0.09718   0.43083   0.14655   0.37707   0.14262
  26    -0.01485  -0.01678  -0.14655   0.19578  -0.17758  -0.06717
  27    -0.04606  -0.09892  -0.37707  -0.17758  -0.19212  -0.17282
  28    -0.09892  -0.07029  -0.14262  -0.06717  -0.17282   0.19943
  29    -0.00043   0.01285   0.10100  -0.04785  -0.02565   0.11812
  30    -0.00021   0.00619   0.04785   0.01401  -0.01459   0.06720
  31     0.00256   0.00067   0.02565  -0.01459   0.03341   0.03603
  32     0.00067  -0.01730  -0.11812   0.06720   0.03603  -0.12468
  33     0.06475   0.02451   0.10175   0.06284   0.11264  -0.02219
  34    -0.03493  -0.01322  -0.06284  -0.00503  -0.08358   0.01647
  35    -0.06972  -0.03391  -0.11264  -0.08358  -0.10821   0.02951
  36    -0.03391   0.00701   0.02219   0.01647   0.02951   0.03579
  37     0.00728   0.01168   0.10152   0.01459   0.08602   0.09719
  38    -0.00019  -0.00031  -0.01459   0.03897  -0.01485  -0.01678
  39    -0.00359  -0.01001  -0.08602  -0.01485  -0.04607  -0.09893
  40    -0.01001  -0.01342  -0.09719  -0.01678  -0.09893  -0.07029
  41     0.00132   0.00478   0.05298  -0.01058   0.01899   0.06804
  42     0.00032   0.00116   0.01058   0.01662   0.00443   0.01588
  43     0.00027  -0.00206  -0.01899   0.00443   0.01113  -0.02850
  44    -0.00206  -0.00662  -0.06804   0.01588  -0.02850  -0.08305
  45    -0.00040   0.00206   0.01488  -0.00835  -0.00677   0.01663
  46     0.00753   0.00282   0.01483   0.00889   0.01762  -0.00025
  47     0.00145   0.00173   0.01478   0.00375   0.01475   0.01247
  48     0.00015   0.00053   0.00610  -0.00123   0.00221   0.00787

           13        14        15        16        17        18

  13     1.00000
  14     0.00000   1.00000
  15     0.00000   0.00000   1.00000
  16     0.00000   0.00000   0.00000   1.00000
  17     0.00338   0.00246   0.00306  -0.00312   1.00000
  18    -0.00246  -0.00113  -0.00245   0.00250   0.00000   1.00000
  19    -0.00306  -0.00245  -0.00222   0.00312   0.00000   0.00000
  20     0.00312   0.00250   0.00312  -0.00235   0.00000   0.00000
  21     0.00163   0.00085   0.00050  -0.00202   0.12622  -0.02131
  22     0.05613   0.01324  -0.01360  -0.06883   0.01532  -0.00918
  23     0.51225  -0.16867  -0.42746  -0.15477   0.00100  -0.00070
  24     0.00040   0.00027   0.00034  -0.00035   0.51128   0.23997
  25     0.10175   0.06284   0.11264  -0.02219   0.10100  -0.04785
  26    -0.06284  -0.00503  -0.08358   0.01647   0.04785   0.01401
  27    -0.11264  -0.08358  -0.10821   0.02951   0.02565  -0.01459
  28     0.02219   0.01647   0.02951   0.03579  -0.11812   0.06720
  29     0.43732  -0.06544   0.11485   0.41227   0.00053  -0.00037
  30     0.06544   0.25678   0.02386   0.08567   0.00037  -0.00016
  31    -0.11485   0.02386   0.22849  -0.15035   0.00035  -0.00026
  32    -0.41227   0.08567  -0.15035  -0.26934  -0.00064   0.00047
  33     0.00956   0.00690   0.01097  -0.00482   0.43732  -0.06544
  34    -0.00690  -0.00292  -0.00887   0.00390   0.06544   0.25678
  35    -0.01097  -0.00887  -0.01144   0.00620  -0.11485   0.02386
  36     0.00482   0.00390   0.00620  -0.00006  -0.41227   0.08567
  37     0.05478   0.02525   0.06475   0.02451   0.00931  -0.00400
  38    -0.02525   0.00623  -0.03493  -0.01322   0.00400   0.00066
  39    -0.06475  -0.03493  -0.06973  -0.03391   0.00043  -0.00021
  40    -0.02451  -0.01322  -0.03391   0.00701  -0.01286   0.00619
  41     0.10367   0.01479   0.08796   0.09883   0.00082  -0.00046
  42    -0.01479   0.04002  -0.01509  -0.01695   0.00046  -0.00010
  43    -0.08796  -0.01509  -0.04719  -0.10084   0.00025  -0.00015
  44    -0.09883  -0.01695  -0.10084  -0.07075  -0.00114   0.00069
  45     0.12665  -0.05427  -0.02339   0.14147   0.00008  -0.00005
  46     0.00165   0.00110   0.00194  -0.00045   0.12860   0.01335
  47     0.00631   0.00292   0.00750   0.00287   0.00460  -0.00109
  48     0.01520   0.00057   0.01113   0.01687   0.00014  -0.00007

           19        20        21        22        23        24

  19     1.00000
  20     0.00000   1.00000
  21    -0.10625  -0.10778   1.00000
  22    -0.01819   0.00004   0.06748   1.00000
  23    -0.00102   0.00064   0.00132   0.07392   1.00000
  24     0.29759  -0.29742   0.06512   0.00283   0.00014   1.00000
  25    -0.02565   0.11812   0.00610   0.01478   0.01483   0.01488
  26    -0.01459   0.06720   0.00123  -0.00375  -0.00889   0.00836
  27     0.03341   0.03603  -0.00221  -0.01475  -0.01762   0.00677
  28     0.03603  -0.12468  -0.00787  -0.01247   0.00025  -0.01663
  29    -0.00035   0.00064   0.00014   0.00460   0.12860   0.00008
  30    -0.00026   0.00047   0.00007   0.00109  -0.01335   0.00005
  31    -0.00014   0.00046   0.00002  -0.00135  -0.09790   0.00005
  32     0.00046  -0.00071  -0.00018  -0.00602  -0.12006  -0.00008
  33     0.11485   0.41227   0.01520   0.00631   0.00165   0.12667
  34     0.02386   0.08567  -0.00057  -0.00292  -0.00110   0.05428
  35     0.22849  -0.15035  -0.01113  -0.00750  -0.00194   0.02340
  36    -0.15035  -0.26934  -0.01687  -0.00287   0.00045  -0.14149
  37    -0.00043   0.01286   0.00040   0.00164   0.00632   0.00163
  38    -0.00021   0.00619   0.00008  -0.00022  -0.00295   0.00081
  39     0.00256   0.00067  -0.00015  -0.00145  -0.00753   0.00040
  40     0.00067  -0.01730  -0.00053  -0.00173  -0.00282  -0.00206
  41    -0.00025   0.00114   0.00008   0.00100   0.01543   0.00014
  42    -0.00015   0.00069   0.00003   0.00007  -0.00397   0.00008
  43     0.00009   0.00038  -0.00001  -0.00060  -0.01551   0.00006
  44     0.00038  -0.00153  -0.00010  -0.00126  -0.01284  -0.00017
  45    -0.00005   0.00008   0.00003   0.00133   0.06816   0.00001
  46     0.09790   0.12006   0.00287   0.00083   0.00029   0.06817
  47     0.00135   0.00602   0.00015   0.00029   0.00083   0.00133
  48    -0.00002   0.00018   0.00001   0.00015   0.00287   0.00003

           25        26        27        28        29        30

  25     1.00000
  26     0.00000   1.00000
  27     0.00000   0.00000   1.00000
  28     0.00000   0.00000   0.00000   1.00000
  29     0.05295  -0.03501  -0.04371   0.04428   1.00000
  30     0.03501  -0.00798  -0.03377   0.03421   0.00000   1.00000
  31     0.04371  -0.03377  -0.02310   0.04272   0.00000   0.00000
  32    -0.04428   0.03421   0.04272  -0.02420   0.00000   0.00000
  33     0.43450   0.21040   0.26152  -0.27072   0.00338   0.00246
  34    -0.21040   0.12666  -0.17562   0.18180  -0.00246  -0.00113
  35    -0.26152  -0.17562   0.04965   0.22598  -0.00306  -0.00245
  36     0.27072   0.18180   0.22598   0.03401   0.00312   0.00250
  37     0.43427  -0.06461   0.11086   0.41153   0.10336   0.06404
  38     0.06461   0.25441   0.02287   0.08491  -0.06404  -0.00531
  39    -0.11086   0.02287   0.22850  -0.14569  -0.11418  -0.08507
  40    -0.41153   0.08491  -0.14569  -0.27306   0.02209   0.01646
  41     0.10112  -0.04802  -0.02638   0.11804   0.43751   0.14875
  42     0.04802   0.01390  -0.01505   0.06733  -0.14875   0.20030
  43     0.02638  -0.01505   0.03303   0.03698  -0.38037  -0.17960
  44    -0.11804   0.06733   0.03698  -0.12422  -0.14399  -0.06799
  45     0.00608  -0.00405  -0.00505   0.00510   0.51124  -0.23995
  46     0.12495   0.07406   0.12732  -0.03509   0.00100   0.00070
  47     0.12482   0.01236   0.09330   0.11842   0.01532   0.00918
  48     0.01489  -0.00610  -0.00104   0.01883   0.12622   0.02131

           31        32        33        34        35        36

  31     1.00000
  32     0.00000   1.00000
  33     0.00306  -0.00312   1.00000
  34    -0.00245   0.00250   0.00000   1.00000
  35    -0.00222   0.00312   0.00000   0.00000   1.00000
  36     0.00312  -0.00235   0.00000   0.00000   0.00000   1.00000
  37     0.11418  -0.02209   0.09934  -0.04689  -0.02567   0.11635
  38    -0.08507   0.01646   0.04689   0.01385  -0.01454   0.06590
  39    -0.10926   0.02934   0.02567  -0.01454   0.03245   0.03608
  40     0.02934   0.03673  -0.11635   0.06590   0.03608  -0.12312
  41     0.38037   0.14399   0.00932  -0.00574  -0.00487   0.01119
  42    -0.17960  -0.06799   0.00574  -0.00137  -0.00336   0.00772
  43    -0.18872  -0.17385   0.00487  -0.00336  -0.00026   0.00655
  44    -0.17385   0.20472  -0.01119   0.00772   0.00655  -0.01247
  45    -0.29756   0.29743   0.00040  -0.00027  -0.00034   0.00035
  46     0.00102  -0.00064   0.51225   0.16867   0.42746   0.15477
  47     0.01819  -0.00004   0.05614  -0.01324   0.01361   0.06884
  48     0.10625   0.10778   0.00163  -0.00085  -0.00050   0.00202

           37        38        39        40        41        42

  37     1.00000
  38     0.00000   1.00000
  39     0.00000   0.00000   1.00000
  40     0.00000   0.00000   0.00000   1.00000
  41     0.43706  -0.21285  -0.26445   0.26845   1.00000
  42     0.21285   0.12622  -0.17882   0.18153   0.00000   1.00000
  43     0.26445  -0.17882   0.04799   0.22553   0.00000   0.00000
  44    -0.26845   0.18153   0.22553   0.04120   0.00000   0.00000
  45     0.01508  -0.01005  -0.01613   0.00642   0.12547  -0.07209
  46     0.05609   0.03402   0.03951  -0.04871   0.00459   0.00302
  47     0.51158   0.16485   0.42395   0.16691   0.12787   0.07578
  48     0.12647  -0.05953  -0.03771   0.13593   0.51195  -0.07228

           43        44        45        46        47        48

  43     1.00000
  44     0.00000   1.00000
  45    -0.13277   0.01666   1.00000
  46     0.00359  -0.00414   0.00014   1.00000
  47     0.13072  -0.03304   0.00283   0.07393   1.00000
  48     0.13059   0.46118   0.06512   0.00132   0.06746   1.00000

          FOCK TRANSFORMATION MATRIX FORMED (S**(-1/2))
  DIPOLE MOMENT COMPONENTS 
       X

            1         2         3         4         5         6

   1    -3.02362
   2    -2.25766  -3.02362
   3     0.00000   0.00000  -3.02362
   4     0.00000   0.00000   0.00000  -3.02362
   5     0.00000   0.00000   0.00000   0.00000   0.14074
   6     0.00000   0.00000   0.00000   0.00000  -2.25766   0.14074
   7     0.00000   0.00000   0.00000   0.00000   0.00000   0.00000
   8     0.00000   0.00000   0.00000   0.00000   0.00000   0.00000
   9     0.00000   0.00000   0.00000   0.00000   0.00000   0.00000
  10     0.00000   0.00000   0.00000   0.00000   0.00000   0.00000
  11     0.00000   0.00000   0.00000   0.00000   0.00000   0.00000
  12     0.00000   0.00000   0.00000   0.00000   0.00000   0.00000
  13     0.00000   0.00000   0.00000   0.00000   0.00000   0.00000
  14     0.00000   0.00000   0.00000   0.00000   0.00000   0.00000
  15     0.00000   0.00000   0.00000   0.00000   0.00000   0.00000
  16     0.00000   0.00000   0.00000   0.00000   0.00000   0.00000
  17     0.00000   0.00000   0.00000   0.00000   0.00000   0.00000
  18     0.00000   0.00000   0.00000   0.00000   0.00000   0.00000
  19     0.00000   0.00000   0.00000   0.00000   0.00000   0.00000
  20     0.00000   0.00000   0.00000   0.00000   0.00000   0.00000
  21     0.00000   0.00000   0.00000   0.00000   0.00000   0.00000
  22     0.00000   0.00000   0.00000   0.00000   0.00000   0.00000
  23     0.00000   0.00000   0.00000   0.00000   0.00000   0.00000
  24     0.00000   0.00000   0.00000   0.00000   0.00000   0.00000
  25     0.00000   0.00000   0.00000   0.00000   0.00000   0.00000
  26     0.00000   0.00000   0.00000   0.00000   0.00000   0.00000
  27     0.00000   0.00000   0.00000   0.00000   0.00000   0.00000
  28     0.00000   0.00000   0.00000   0.00000   0.00000   0.00000
  29     0.00000   0.00000   0.00000   0.00000   0.00000   0.00000
  30     0.00000   0.00000   0.00000   0.00000   0.00000   0.00000
  31     0.00000   0.00000   0.00000   0.00000   0.00000   0.00000
  32     0.00000   0.00000   0.00000   0.00000   0.00000   0.00000
  33     0.00000   0.00000   0.00000   0.00000   0.00000   0.00000
  34     0.00000   0.00000   0.00000   0.00000   0.00000   0.00000
  35     0.00000   0.00000   0.00000   0.00000   0.00000   0.00000
  36     0.00000   0.00000   0.00000   0.00000   0.00000   0.00000
  37     0.00000   0.00000   0.00000   0.00000   0.00000   0.00000
  38     0.00000   0.00000   0.00000   0.00000   0.00000   0.00000
  39     0.00000   0.00000   0.00000   0.00000   0.00000   0.00000
  40     0.00000   0.00000   0.00000   0.00000   0.00000   0.00000
  41     0.00000   0.00000   0.00000   0.00000   0.00000   0.00000
  42     0.00000   0.00000   0.00000   0.00000   0.00000   0.00000
  43     0.00000   0.00000   0.00000   0.00000   0.00000   0.00000
  44     0.00000   0.00000   0.00000   0.00000   0.00000   0.00000
  45     0.00000   0.00000   0.00000   0.00000   0.00000   0.00000
  46     0.00000   0.00000   0.00000   0.00000   0.00000   0.00000
  47     0.00000   0.00000   0.00000   0.00000   0.00000   0.00000
  48     0.00000   0.00000   0.00000   0.00000   0.00000   0.00000

            7         8         9        10        11        12

   7     0.14074
   8     0.00000   0.14074
   9     0.00000   0.00000   1.10906
  10     0.00000   0.00000  -2.25766   1.10906
  11     0.00000   0.00000   0.00000   0.00000   1.10906
  12     0.00000   0.00000   0.00000   0.00000   0.00000   1.10906
  13     0.00000   0.00000   0.00000   0.00000   0.00000   0.00000
  14     0.00000   0.00000   0.00000   0.00000   0.00000   0.00000
  15     0.00000   0.00000   0.00000   0.00000   0.00000   0.00000
  16     0.00000   0.00000   0.00000   0.00000   0.00000   0.00000
  17     0.00000   0.00000   0.00000   0.00000   0.00000   0.00000
  18     0.00000   0.00000   0.00000   0.00000   0.00000   0.00000
  19     0.00000   0.00000   0.00000   0.00000   0.00000   0.00000
  20     0.00000   0.00000   0.00000   0.00000   0.00000   0.00000
  21     0.00000   0.00000   0.00000   0.00000   0.00000   0.00000
  22     0.00000   0.00000   0.00000   0.00000   0.00000   0.00000
  23     0.00000   0.00000   0.00000   0.00000   0.00000   0.00000
  24     0.00000   0.00000   0.00000   0.00000   0.00000   0.00000
  25     0.00000   0.00000   0.00000   0.00000   0.00000   0.00000
  26     0.00000   0.00000   0.00000   0.00000   0.00000   0.00000
  27     0.00000   0.00000   0.00000   0.00000   0.00000   0.00000
  28     0.00000   0.00000   0.00000   0.00000   0.00000   0.00000
  29     0.00000   0.00000   0.00000   0.00000   0.00000   0.00000
  30     0.00000   0.00000   0.00000   0.00000   0.00000   0.00000
  31     0.00000   0.00000   0.00000   0.00000   0.00000   0.00000
  32     0.00000   0.00000   0.00000   0.00000   0.00000   0.00000
  33     0.00000   0.00000   0.00000   0.00000   0.00000   0.00000
  34     0.00000   0.00000   0.00000   0.00000   0.00000   0.00000
  35     0.00000   0.00000   0.00000   0.00000   0.00000   0.00000
  36     0.00000   0.00000   0.00000   0.00000   0.00000   0.00000
  37     0.00000   0.00000   0.00000   0.00000   0.00000   0.00000
  38     0.00000   0.00000   0.00000   0.00000   0.00000   0.00000
  39     0.00000   0.00000   0.00000   0.00000   0.00000   0.00000
  40     0.00000   0.00000   0.00000   0.00000   0.00000   0.00000
  41     0.00000   0.00000   0.00000   0.00000   0.00000   0.00000
  42     0.00000   0.00000   0.00000   0.00000   0.00000   0.00000
  43     0.00000   0.00000   0.00000   0.00000   0.00000   0.00000
  44     0.00000   0.00000   0.00000   0.00000   0.00000   0.00000
  45     0.00000   0.00000   0.00000   0.00000   0.00000   0.00000
  46     0.00000   0.00000   0.00000   0.00000   0.00000   0.00000
  47     0.00000   0.00000   0.00000   0.00000   0.00000   0.00000
  48     0.00000   0.00000   0.00000   0.00000   0.00000   0.00000

           13        14        15        16        17        18

  13     4.25997
  14    -2.25766   4.25997
  15     0.00000   0.00000   4.25997
  16     0.00000   0.00000   0.00000   4.25997
  17     0.00000   0.00000   0.00000   0.00000  -5.23213
  18     0.00000   0.00000   0.00000   0.00000  -2.25766  -5.23213
  19     0.00000   0.00000   0.00000   0.00000   0.00000   0.00000
  20     0.00000   0.00000   0.00000   0.00000   0.00000   0.00000
  21     0.00000   0.00000   0.00000   0.00000   0.00000   0.00000
  22     0.00000   0.00000   0.00000   0.00000   0.00000   0.00000
  23     0.00000   0.00000   0.00000   0.00000   0.00000   0.00000
  24     0.00000   0.00000   0.00000   0.00000   0.00000   0.00000
  25     0.00000   0.00000   0.00000   0.00000   0.00000   0.00000
  26     0.00000   0.00000   0.00000   0.00000   0.00000   0.00000
  27     0.00000   0.00000   0.00000   0.00000   0.00000   0.00000
  28     0.00000   0.00000   0.00000   0.00000   0.00000   0.00000
  29     0.00000   0.00000   0.00000   0.00000   0.00000   0.00000
  30     0.00000   0.00000   0.00000   0.00000   0.00000   0.00000
  31     0.00000   0.00000   0.00000   0.00000   0.00000   0.00000
  32     0.00000   0.00000   0.00000   0.00000   0.00000   0.00000
  33     0.00000   0.00000   0.00000   0.00000   0.00000   0.00000
  34     0.00000   0.00000   0.00000   0.00000   0.00000   0.00000
  35     0.00000   0.00000   0.00000   0.00000   0.00000   0.00000
  36     0.00000   0.00000   0.00000   0.00000   0.00000   0.00000
  37     0.00000   0.00000   0.00000   0.00000   0.00000   0.00000
  38     0.00000   0.00000   0.00000   0.00000   0.00000   0.00000
  39     0.00000   0.00000   0.00000   0.00000   0.00000   0.00000
  40     0.00000   0.00000   0.00000   0.00000   0.00000   0.00000
  41     0.00000   0.00000   0.00000   0.00000   0.00000   0.00000
  42     0.00000   0.00000   0.00000   0.00000   0.00000   0.00000
  43     0.00000   0.00000   0.00000   0.00000   0.00000   0.00000
  44     0.00000   0.00000   0.00000   0.00000   0.00000   0.00000
  45     0.00000   0.00000   0.00000   0.00000   0.00000   0.00000
  46     0.00000   0.00000   0.00000   0.00000   0.00000   0.00000
  47     0.00000   0.00000   0.00000   0.00000   0.00000   0.00000
  48     0.00000   0.00000   0.00000   0.00000   0.00000   0.00000

           19        20        21        22        23        24

  19    -5.23213
  20     0.00000  -5.23213
  21     0.00000   0.00000  -3.81326
  22     0.00000   0.00000   0.00000   1.94290
  23     0.00000   0.00000   0.00000   0.00000   6.10104
  24     0.00000   0.00000   0.00000   0.00000   0.00000  -7.85852
  25     0.00000   0.00000   0.00000   0.00000   0.00000   0.00000
  26     0.00000   0.00000   0.00000   0.00000   0.00000   0.00000
  27     0.00000   0.00000   0.00000   0.00000   0.00000   0.00000
  28     0.00000   0.00000   0.00000   0.00000   0.00000   0.00000
  29     0.00000   0.00000   0.00000   0.00000   0.00000   0.00000
  30     0.00000   0.00000   0.00000   0.00000   0.00000   0.00000
  31     0.00000   0.00000   0.00000   0.00000   0.00000   0.00000
  32     0.00000   0.00000   0.00000   0.00000   0.00000   0.00000
  33     0.00000   0.00000   0.00000   0.00000   0.00000   0.00000
  34     0.00000   0.00000   0.00000   0.00000   0.00000   0.00000
  35     0.00000   0.00000   0.00000   0.00000   0.00000   0.00000
  36     0.00000   0.00000   0.00000   0.00000   0.00000   0.00000
  37     0.00000   0.00000   0.00000   0.00000   0.00000   0.00000
  38     0.00000   0.00000   0.00000   0.00000   0.00000   0.00000
  39     0.00000   0.00000   0.00000   0.00000   0.00000   0.00000
  40     0.00000   0.00000   0.00000   0.00000   0.00000   0.00000
  41     0.00000   0.00000   0.00000   0.00000   0.00000   0.00000
  42     0.00000   0.00000   0.00000   0.00000   0.00000   0.00000
  43     0.00000   0.00000   0.00000   0.00000   0.00000   0.00000
  44     0.00000   0.00000   0.00000   0.00000   0.00000   0.00000
  45     0.00000   0.00000   0.00000   0.00000   0.00000   0.00000
  46     0.00000   0.00000   0.00000   0.00000   0.00000   0.00000
  47     0.00000   0.00000   0.00000   0.00000   0.00000   0.00000
  48     0.00000   0.00000   0.00000   0.00000   0.00000   0.00000

           25        26        27        28        29        30

  25    -1.10906
  26    -2.25766  -1.10906
  27     0.00000   0.00000  -1.10906
  28     0.00000   0.00000   0.00000  -1.10906
  29     0.00000   0.00000   0.00000   0.00000   5.23214
  30     0.00000   0.00000   0.00000   0.00000  -2.25766   5.23214
  31     0.00000   0.00000   0.00000   0.00000   0.00000   0.00000
  32     0.00000   0.00000   0.00000   0.00000   0.00000   0.00000
  33     0.00000   0.00000   0.00000   0.00000   0.00000   0.00000
  34     0.00000   0.00000   0.00000   0.00000   0.00000   0.00000
  35     0.00000   0.00000   0.00000   0.00000   0.00000   0.00000
  36     0.00000   0.00000   0.00000   0.00000   0.00000   0.00000
  37     0.00000   0.00000   0.00000   0.00000   0.00000   0.00000
  38     0.00000   0.00000   0.00000   0.00000   0.00000   0.00000
  39     0.00000   0.00000   0.00000   0.00000   0.00000   0.00000
  40     0.00000   0.00000   0.00000   0.00000   0.00000   0.00000
  41     0.00000   0.00000   0.00000   0.00000   0.00000   0.00000
  42     0.00000   0.00000   0.00000   0.00000   0.00000   0.00000
  43     0.00000   0.00000   0.00000   0.00000   0.00000   0.00000
  44     0.00000   0.00000   0.00000   0.00000   0.00000   0.00000
